学号输出，c++方式
1951792 苏天齐 43 134
1953628 孙万录 49 119
2051231 于富强 57 90
2051889 邓子豪 50 115
2052137 王玢 48 124
2053187 邱润豪 49 119
2054328 王莹 42 136
2056004 王美丽娜 52 106
2056011 李书瑶 94 20
2150267 裘子涵 73 61
2151562 杨文睿 90 32
2151848 曾子豪 49 119
2152131 吴洪蕊 53 103
2153687 朱芷莹 57 90
2156008 栗田新那 65 72
2250898 陆思宇 85 46
2251174 付沐鑫 44 131
2252036 苏惠 86 42
2252315 龙俊宇 99 5
2253180 丁瀚洋 99 5
2253187 张又文 61 83
2253552 胡政一 46 127
2253767 李昊林 55 95
2253874 邝家琪 86 42
2256207 王华美 57 90
2350218 陈佳怡 88 38
2350222 盛曦 78 53
2350231 高柏舟 99 5
2350232 席逸辰 40 142
2350233 叶辰 50 115
2350489 王奕杰 45 130
2350491 张子轩 62 81
2350501 王杏 65 72
2350795 魏子鸣 42 136
2350988 何东峻 84 49
2350995 王喜临 100 1
2350997 王一希 51 112
2351044 崔艺洋 56 93
2351106 冯可 64 77
2351114 朱俊泽 51 112
2351125 余叶颖 50 115
2351126 谢诗阳 54 102
2351136 李盛鹏 98 11
2351138 邱子峰 66 70
2351268 祝叶安达 90 32
2351274 王亦玮 86 42
2351276 彭煦 92 27
2351277 汪志贤 52 106
2351286 刘诗怡 55 95
2351295 胡桥健 55 95
2351406 吕景琦 64 77
2351433 刘逸 95 19
2351437 陈进壎 93 26
2351449 费洋 52 106
2351517 施哲怀 77 55
2351518 李沐聪 78 53
2351520 毛星博 90 32
2351570 樊林珂 76 57
2351573 庞欣怡 53 103
2351577 张宸浩 65 72
2351579 程浩然 42 136
2351582 程亦诚 85 46
2351584 胡捷鸣 74 60
2351589 赵浩琦 94 20
2351593 吉讯仟 96 17
2351709 杨凝霜 58 89
2351753 黄保翔 88 38
2351871 郎若谷 88 38
2351879 闫睿阳 44 131
2351889 陆子豪 41 139
2352018 刘彦 56 93
2352032 王潇扬 94 20
2352035 曹劭杰 98 11
2352036 雷达 55 95
2352045 闫童童 97 15
2352189 杜海扬 48 124
2352201 燕欣睿 44 131
2352209 郑以琳 91 31
2352350 普婴祺 92 27
2352469 左知行 100 1
2352475 易阳 51 112
2352596 潘启豪 86 42
2352613 肖怡苒 55 95
2352614 汤佑森 72 64
2352615 和亚琦 65 72
2352618 罗夏密 92 27
2352688 周乐鑫 77 55
2352689 屈越 49 119
2352733 白佳煜 73 61
2352743 郭睿 89 35
2352748 杨钦战 65 72
2352753 霍子轩 71 65
2352831 李政翰 49 119
2352840 付昭阳 75 59
2352841 刘佳鑫 92 27
2352846 金凡越 99 5
2352848 许慧琳 50 115
2352960 雷天博 76 57
2352973 袁郅程 52 106
2352975 陆彦翔 46 127
2352978 许思源 41 139
2352990 黄琦 46 127
2353123 黄唯轩 52 106
2353232 王致远 94 20
2353235 钟艾玲 59 85
2353244 廖妤兮 41 139
2353246 蹇佩恒 73 61
2353252 刘秉松 89 35
2353259 梁家瑞 100 1
2353366 汤梅 97 15
2353367 肖家余 48 124
2353396 钟一凡 43 134
2353404 田煜峰 94 20
2353545 蔡佑李享 94 20
2353568 周豪 63 79
2353572 汪君哲 99 5
2353573 康嘉怡 69 68
2353578 黄家祺 70 66
2353585 鲁迪 59 85
2353597 王雪宸 81 50
2353598 张云夏 55 95
2353599 冯灏然 53 103
2353606 王瀚威 98 11
2353732 李卓阳 99 5
2353738 姜观博 96 17
2353739 李博豪 63 79
2353768 许子俊 67 69
2353796 雷镇宁 55 95
2353806 赵翌佟 87 41
2353915 梁丽莉 80 52
2353939 赵奕涵 61 83
2353941 祁浩哲 81 50
2354041 邹碧姗 70 66
2354086 余姝涵 98 11
2354180 王韵涵 89 35
2354182 李怡君 85 46
2354279 钱咏佳 59 85
2354366 徐华炫 52 106
2356185 陈劲宏 59 85
2356187 朱旭 100 1
2356190 孫源 62 81
2356201 许铷恩 66 70
