1951792 ЫеЬьЦы 43 134
1953628 ЫяЭђТМ 49 119
2051231 гкИЛЧП 57 90
2051889 ЕЫзгКР 50 115
2052137 Эѕчу 48 124
2053187 ЧёШѓКР 49 119
2054328 ЭѕгЈ 42 136
2056004 ЭѕУРРіФШ 52 106
2056011 РюЪщбў 94 20
2150267 єУзгК­ 73 61
2151562 бюЮФюЃ 90 32
2151848 дјзгКР 49 119
2152131 ЮтКщШя 53 103
2153687 жьмЦгЈ 57 90
2156008 РѕЬяаТФЧ 65 72
2250898 ТНЫМгю 85 46
2251174 ИЖухіЮ 44 131
2252036 ЫеЛн 86 42
2252315 СњПЁгю 99 5
2253180 ЖЁхЋбѓ 99 5
2253187 еХгжЮФ 61 83
2253552 КњеўвЛ 46 127
2253767 РюъЛСж 55 95
2253874 кїМвчї 86 42
2256207 ЭѕЛЊУР 57 90
2350218 ГТМбтљ 88 38
2350222 ЪЂъи 78 53
2350231 ИпАижл 99 5
2350232 ЯЏвнГН 40 142
2350233 вЖГН 50 115
2350489 ЭѕоШНм 45 130
2350491 еХзгаљ 62 81
2350501 Эѕаг 65 72
2350795 ЮКзгУљ 42 136
2350988 КЮЖЋОў 84 49
2350995 ЭѕЯВСй 100 1
2350997 ЭѕвЛЯЃ 51 112
2351044 Довебѓ 56 93
2351106 ЗыПЩ 64 77
2351114 жьПЁдѓ 51 112
2351125 грвЖгБ 50 115
2351126 аЛЪЋбє 54 102
2351136 РюЪЂХє 98 11
2351138 ЧёзгЗх 66 70
2351268 зЃвЖАВДя 90 32
2351274 Эѕврчт 86 42
2351276 Хэьу 92 27
2351277 ЭєжОЯЭ 52 106
2351286 СѕЪЋтљ 55 95
2351295 КњЧХНЁ 55 95
2351406 ТРОАчљ 64 77
2351433 Сѕвн 95 19
2351437 ГТНјЖ 93 26
2351449 Зббѓ 52 106
2351517 ЪЉемЛГ 77 55
2351518 РюухДЯ 78 53
2351520 УЋаЧВЉ 90 32
2351570 ЗЎСжчц 76 57
2351573 ХгаРтљ 53 103
2351577 еХхЗКЦ 65 72
2351579 ГЬКЦШЛ 42 136
2351582 ГЬврГЯ 85 46
2351584 КњНнУљ 74 60
2351589 едКЦчљ 94 20
2351593 МЊбЖЧЊ 96 17
2351709 бюФ§ЫЊ 58 89
2351753 ЛЦБЃЯш 88 38
2351871 РЩШєЙШ 88 38
2351879 уЦюЃбє 44 131
2351889 ТНзгКР 41 139
2352018 Сѕбх 56 93
2352032 Эѕфьбя 94 20
2352035 ВмлПНм 98 11
2352036 РзДя 55 95
2352045 уЦЭЏЭЏ 97 15
2352189 ЖХКЃбя 48 124
2352201 браРюЃ 44 131
2352209 жЃвдСе 91 31
2352350 ЦегЄьї 92 27
2352469 зѓжЊаа 100 1
2352475 взбє 51 112
2352596 ХЫЦєКР 86 42
2352613 аЄтљмл 55 95
2352614 ЬРггЩ­ 72 64
2352615 КЭбЧчљ 65 72
2352618 ТоЯФУм 92 27
2352688 жмРжіЮ 77 55
2352689 ЧќдН 49 119
2352733 АзМбьЯ 73 61
2352743 ЙљюЃ 89 35
2352748 бюЧееН 65 72
2352753 Лєзгаљ 71 65
2352831 РюеўКВ 49 119
2352840 ИЖеббє 75 59
2352841 СѕМбіЮ 92 27
2352846 Н№ЗВдН 99 5
2352848 аэЛлСе 50 115
2352960 РзЬьВЉ 76 57
2352973 дЌлЄГЬ 52 106
2352975 ТНбхЯш 46 127
2352978 аэЫМдД 41 139
2352990 ЛЦчљ 46 127
2353123 ЛЦЮЈаљ 52 106
2353232 ЭѕжТдЖ 94 20
2353235 жгАЌСс 59 85
2353244 СЮцЅйт 41 139
2353246 хПХхКу 73 61
2353252 СѕБќЫЩ 89 35
2353259 СКМвШ№ 100 1
2353366 ЬРУЗ 97 15
2353367 аЄМвгр 48 124
2353396 жгвЛЗВ 43 134
2353404 ЬяьЯЗх 94 20
2353545 ВЬггРюЯэ 94 20
2353568 жмКР 63 79
2353572 ЭєО§ем 99 5
2353573 ПЕМЮтљ 69 68
2353578 ЛЦМвьї 70 66
2353585 ТГЕЯ 59 85
2353597 ЭѕбЉхЗ 81 50
2353598 еХдЦЯФ 55 95
2353599 ЗыхАШЛ 53 103
2353606 ЭѕхЋЭў 98 11
2353732 РюзПбє 99 5
2353738 НЊЙлВЉ 96 17
2353739 РюВЉКР 63 79
2353768 аэзгПЁ 67 69
2353796 РзеђФў 55 95
2353806 едвюйЁ 87 41
2353915 СКРіРђ 80 52
2353939 едоШК­ 61 83
2353941 ЦюКЦем 81 50
2354041 зоБЬцЉ 70 66
2354086 грц­К­ 98 11
2354180 ЭѕдЯК­ 89 35
2354182 РютљО§ 85 46
2354279 ЧЎгНМб 59 85
2354366 аьЛЊьХ 52 106
2356185 ГТОЂКъ 59 85
2356187 жьаё 100 1
2356190 OдД 62 81
2356201 аэяЈЖї 66 70
